43,436,74,418,97,391,132,360,130,354,69,408,37,432,DJB
27,499,35,490,46,486,71,463,167,373,207,344,240,337,271,349,308,384,345,414,555,570,556,576,245,354,204,363,204,363,25,515,DJB
73,640,35,661,31,653,69,625,112,597,133,577,161,557,191,537,218,535,245,535,541,636,540,642,229,554,185,553,DJB
304,477,304,459,233,425,197,433,28,571,31,582,194,449,227,438,DJB
153,801,183,808,303,787,333,794,334,800,304,794,185,812,151,807,DJB
152,847,183,851,303,828,335,831,336,835,304,833,183,855,149,851,DJB
146,893,183,896,306,870,341,873,341,877,308,875,185,900,147,898,DJB
145,943,180,947,310,913,342,917,343,922,310,919,180,951,143,949,DJB
139,996,177,998,311,964,346,962,346,968,311,969,178,1004,138,1003,DJB
133,1056,190,1052,317,1013,353,1013,353,1019,318,1018,194,1058,130,1062,DJB
128,1121,169,1123,318,1069,356,1071,358,1075,319,1075,177,1128,169,1133,129,1129,DJB
121,1195,121,1203,173,1203,325,1137,366,1138,364,1132,325,1129,172,1196,DJB
180,1273,326,1200,370,1197,372,1204,327,1208,196,1275,DJB
235,266,211,667,229,668,250,270,250,270,DJB
111,1201,121,1203,154,772,145,772,DJB
373,1207,381,1207,338,774,330,773,DJB
443,1038,443,1047,534,1039,543,1038,759,1033,759,1026,544,1028,543,884,760,903,761,896,543,874,540,774,533,772,534,1030,482,1037,DJB
514,1254,764,1222,761,1212,523,1247,DJB
